*****DLT½â·¨*****
 x0 = 1019.23
 y0 = 1246.82
 fx = 2392.2
 fy = 2390.11
 Xs = 998.305
 Ys = 1004.29
 Zs = 102.375
 phi = 1.55307
 omega = 0.24745
 kappa = 0.785398
 a1 = -0.160632
 b1 = 0.685568
 c1 = 0.710066
 a2 = -0.1857
 b2 = 0.685568
 c2 = -0.703926
 a3 = -0.969388
 b3 = -0.244932
 c3 = 0.0171857
